 system  chg   exp r_e    H0 min    dev%   SCC min    dev%    SCC De     conv
     H2   +0    0.7414    0.7300   -1.54    0.7300   -1.54   -5.1392  61/61  
     C2   +0    1.2425    1.2450   +0.20    1.2450   +0.20   -9.3386  61/61  
     N2   +0    1.0977    1.0933   -0.40    1.0933   -0.40  -16.6830  61/61  
     O2   +0    1.2075    1.2083   +0.07    1.2083   +0.07   -7.8633  61/61  
     CO   +0    1.1283    1.0933   -3.10    1.0933   -3.10  -14.3648  61/61  
    CN-   -1    1.1772    1.1367   -3.44    1.1725   -0.40  -13.4598  61/61  
     NH   +0    1.0362    1.0667   +2.94    1.0667   +2.94   -5.8852  61/61  
    CH-   -1    1.1190    1.1200   +0.09    1.1550   +3.22   -3.0671  61/61  
    OH-   -1    0.9640    1.0000   +3.73    1.0000   +3.73   -3.7204  61/61  
     PN   +0    1.4909    1.5167   +1.73    1.4750   -1.07  -10.5398  61/61  
     P2   +0    1.8934    1.9200   +1.40    1.9200   +1.40   -7.3137  61/61  
     S2   +0    1.8892    1.8767   -0.66    1.8767   -0.66   -5.8741  61/61  
     SO   +0    1.4811    1.5000   +1.28    1.5000   +1.28   -7.9887  61/61  
     CS   +0    1.5349    1.5167   -1.19    1.5167   -1.19   -9.6664  61/61  
     PH   +0    1.4223    1.4233   +0.07    1.4233   +0.07   -4.2386  61/61  
    SH-   -1    1.3400    1.3500   +0.75    1.3500   +0.75   -3.4581  61/61  